0.986702 0.973872 0.961952 0.951355 0.942434 0.935483 0.930723 0.928307 0.928307 0.930723 0.935483 0.942434 0.951355 0.961952 0.973872 0.986702 
0.973681 0.948284 0.924696 0.903722 0.886071 0.872315 0.862901 0.858118 0.858118 0.862901 0.872315 0.886071 0.903722 0.924696 0.948284 0.973681 
0.961201 0.923767 0.888997 0.858092 0.832078 0.811816 0.797945 0.790902 0.790902 0.797945 0.811816 0.832078 0.858092 0.888997 0.923767 0.961201 
0.949519 0.900815 0.855591 0.815392 0.781573 0.755228 0.737202 0.728048 0.728048 0.737202 0.755228 0.781573 0.815392 0.855591 0.900815 0.949519 
0.940554 0.883202 0.829939 0.782600 0.742762 0.711736 0.690498 0.679716 0.679716 0.690498 0.711736 0.742762 0.782600 0.829939 0.883202 0.940554 
0.934233 0.870776 0.811842 0.759447 0.715355 0.681002 0.657490 0.645548 0.645548 0.657490 0.681002 0.715355 0.759447 0.811842 0.870776 0.934233 
0.929237 0.860962 0.797550 0.741181 0.693740 0.656784 0.631486 0.618641 0.618641 0.631486 0.656784 0.693740 0.741181 0.797550 0.860962 0.929237 
0.925659 0.853936 0.787334 0.728136 0.678327 0.639530 0.612980 0.599499 0.599499 0.612980 0.639530 0.678327 0.728136 0.787334 0.853936 0.925659 
0.925659 0.853936 0.787334 0.728136 0.678327 0.639530 0.612980 0.599499 0.599499 0.612980 0.639530 0.678327 0.728136 0.787334 0.853936 0.925659 
0.929237 0.860962 0.797550 0.741181 0.693740 0.656784 0.631486 0.618641 0.618641 0.631486 0.656784 0.693740 0.741181 0.797550 0.860962 0.929237 
0.934233 0.870776 0.811842 0.759447 0.715355 0.681002 0.657490 0.645548 0.645548 0.657490 0.681002 0.715355 0.759447 0.811842 0.870776 0.934233 
0.940554 0.883202 0.829939 0.782600 0.742762 0.711736 0.690498 0.679716 0.679716 0.690498 0.711736 0.742762 0.782600 0.829939 0.883202 0.940554 
0.949519 0.900815 0.855591 0.815392 0.781573 0.755228 0.737202 0.728048 0.728048 0.737202 0.755228 0.781573 0.815392 0.855591 0.900815 0.949519 
0.961201 0.923767 0.888997 0.858092 0.832078 0.811816 0.797945 0.790902 0.790902 0.797945 0.811816 0.832078 0.858092 0.888997 0.923767 0.961201 
0.973681 0.948284 0.924696 0.903722 0.886071 0.872315 0.862901 0.858118 0.858118 0.862901 0.872315 0.886071 0.903722 0.924696 0.948284 0.973681 
0.986702 0.973872 0.961952 0.951355 0.942434 0.935483 0.930723 0.928307 0.928307 0.930723 0.935483 0.942434 0.951355 0.961952 0.973872 0.986702 
